5.766149413531959644e-02 8.017586365938444981e-02 1.113667798624265459e-01 1.380050750133992310e-01 1.628574675303367247e-01 1.778977407239448472e-01 1.723127380574689116e-01 9.960259328137095747e-02 -1.871172931638014347e-01 -4.996219831729026839e-01 -5.057930034702495803e-01 -3.457080213175464101e-01 -1.845796457693100467e-01 -8.367347281200488915e-03 1.247790871255955447e-01 1.896598836760441387e-01 2.040299080341699545e-01 1.884782564065324295e-01 1.568999740081770122e-01 1.165791192432728690e-01
-6.956188060705789655e-02 -5.099393746109859293e-02 -1.660860271672237598e-02 3.762651756103974066e-02 1.016479893077591456e-01 2.022873192981106405e-01 2.947894015978097526e-01 3.648635980447684224e-01 3.992847603577673876e-01 2.307015160659139363e-01 -4.378836481902912553e-02 -2.408912784119747741e-01 -3.624379922819696009e-01 -3.735358243887215712e-01 -3.133132797316614537e-01 -2.289894210273244468e-01 -1.412744611536786155e-01 -6.617512227459859675e-02 -3.379055143913449466e-03 3.394406907888558589e-02
1.997743065519962391e-01 3.276980733154005176e-01 4.056359167668691090e-01 4.100364500331569184e-01 3.296334955313154902e-01 1.618391243785348155e-01 -8.893816796318228246e-02 -3.138911525400014946e-01 -2.544017911972516477e-01 7.420001731061331984e-04 9.961762441879756791e-02 6.142048417589368592e-02 -7.627534485335485392e-03 -1.243435072127284935e-01 -2.174027776649539168e-01 -2.509290585208386881e-01 -2.244092472995999898e-01 -1.439907132290701164e-01 -5.439887655627981267e-02 2.298097659986397812e-02
-2.419374255645517224e-01 -2.134118636128852220e-01 -9.894585112497178425e-02 5.765274109267295999e-02 2.257815564353176652e-01 3.289417379907708106e-01 3.255711027028150850e-01 1.683176739993188786e-01 -1.104287930649205662e-01 -1.956570248992657024e-01 -5.334244052772351558e-02 1.174207738415045665e-01 2.449426662109012720e-01 2.298752059636562928e-01 1.207914030978755743e-01 -3.089731926504528728e-02 -2.104920184667869176e-01 -3.314892514201715490e-01 -3.733841162219049270e-01 -3.165414584140910370e-01
3.801063172730013706e-01 3.802296365696832825e-01 2.181143509765892663e-01 -1.182931352902055755e-02 -2.058466515832161337e-01 -2.374147760360547088e-01 -8.743440392887766310e-02 1.919307403870326445e-01 2.694451768091289945e-01 1.110775662956667992e-02 -1.737750728863328986e-01 -1.640958113810162544e-01 -6.780386845058561374e-02 8.055577714259951061e-02 1.716580106152003626e-01 1.393895210075752900e-01 -2.951270427039551225e-02 -2.362222053819645617e-01 -3.705067090948602759e-01 -3.690949024436495085e-01
-2.460675415153150969e-01 -1.410090798672721524e-01 5.913274775978420023e-02 2.382775160369496048e-01 2.661613160976373793e-01 1.226387234400365539e-01 -1.374692457140702651e-01 -2.387696098883985429e-01 6.305111060388061961e-02 3.040494820209187488e-01 1.528687548835068744e-01 -1.165848826890687473e-01 -2.456107794222506524e-01 -1.228317809336614969e-01 1.543011057595841118e-01 3.753098188875717001e-01 3.729168758493190960e-01 1.415841874785320753e-01 -1.783134016511128683e-01 -3.648749971343147047e-01
3.414195722983273118e-01 1.703283614785338906e-01 -1.611572867810999732e-01 -3.232445813905734378e-01 -1.440752634402569510e-01 1.980648190400934872e-01 3.469736066069099567e-01 9.337042746399314141e-03 -3.910234968507808606e-01 -9.970285832694066042e-02 3.209285627260906049e-01 1.591873068479549569e-01 -1.598698207285710604e-01 -2.826708305991200154e-01 -1.471856800662100784e-01 1.088118707194051793e-01 2.003431087891590356e-01 1.007780023619652271e-01 -1.035381224340418405e-01 -2.287852372072683993e-01
-2.185212210737399186e-01 5.113580457573160820e-02 3.064700162560352603e-01 2.305831302966859231e-01 -4.542798725314164954e-02 -2.197296364770996435e-01 3.753580854953493529e-02 3.733846148244874819e-01 9.024746975408319549e-02 -2.055971178085987394e-01 3.050222482651278322e-02 3.272489945515639209e-01 2.831926678642676665e-01 -9.382053133227243047e-02 -3.037962121412583483e-01 -8.507533824446375514e-02 2.677253261998949752e-01 3.453374036518580548e-01 3.362667680381770108e-02 -2.689579969818040595e-01
3.152550643002108854e-01 9.469684556158000643e-03 -2.855957443976507859e-01 -1.382894024033380076e-01 1.757579914815581568e-01 2.666975990408972375e-01 -1.083408926423139185e-01 -2.460414663199770313e-01 2.354102860530288277e-01 1.333165117227730345e-01 -3.446274862952600770e-01 -6.761853025688575880e-02 3.322697099106283192e-01 1.245769516245948255e-01 -2.430774508615315133e-01 -2.297906067633535554e-01 1.076974022555617638e-01 2.970666101458273589e-01 3.417061234990365071e-02 -3.003056846625802301e-01
-5.251267141069072136e-02 3.290031869915728269e-01 2.976868661000803273e-01 -3.557205121449307644e-02 -7.725783473605701834e-02 2.940690472932185884e-01 4.059187506562269010e-01 5.875715731260972713e-02 1.014435610391580117e-01 3.548166012639483724e-01 1.635400733831161302e-01 -2.477117630570880788e-02 1.319434540160795144e-01 3.614303820471693185e-01 3.010048798676382420e-01 2.433317329006545737e-02 -1.474695959222495009e-02 2.144452096403436370e-01 2.965412189587051661e-01 3.906574083374634437e-02
2.394555580375958004e-01 1.243748891473260842e-01 -9.987817664676429397e-02 5.252118863946640681e-02 3.056603739163485378e-01 1.788704286091689355e-01 -3.142427363068731050e-02 1.587303983064400903e-01 3.126162745714686775e-01 8.649902720323923017e-03 9.699590002425137469e-04 3.901348472379249088e-01 2.322129021932102244e-01 -1.597288680076186518e-01 2.939728357851299073e-02 4.119991721836024356e-01 2.148011402940571690e-01 -2.317637026845019432e-01 -7.614487824203479416e-03 4.035921173174532028e-01
-3.506008651710082469e-01 1.101785375994484145e-01 2.554957935554269532e-01 -2.249820980383809010e-01 -3.342124789386453076e-01 1.087046904883868653e-01 1.364186386118550476e-01 -3.121388654124382933e-01 -5.017134577293688030e-02 1.480501705750057184e-01 -3.227455626463673344e-01 -7.847203146759013093e-02 2.282852673555341438e-01 -1.620839891925252019e-01 -2.754131313898296463e-01 9.108715225261168613e-02 2.275625943998071388e-01 -2.027590500318680877e-01 -2.772348785574824115e-01 2.060119087884339228e-01
-2.739502241300909025e-01 1.860939165084459779e-01 1.420858902269637458e-01 -3.695826379177163945e-01 -1.083574688518484930e-02 2.743245087963120388e-01 -2.917118663634413189e-01 -1.131365071728537008e-01 2.086671231057838638e-01 -2.568845439153740196e-01 -9.563718881313676423e-02 2.828216237683294221e-01 -1.375618313357803713e-01 -2.888531619835067454e-01 1.849949335068636347e-01 7.099144313650640470e-02 -3.420462272579710139e-01 5.564851871859324839e-02 2.107135766186933046e-01 -2.355684256324442893e-01
2.235291182319739389e-01 -3.290059616251548302e-01 2.654477058575499537e-02 3.508743385509524026e-01 -3.173934349034315261e-01 -5.756106747394944961e-02 2.700817483378151751e-01 -1.835964845090712338e-01 5.142508584470972116e-03 1.129531023366196624e-01 -1.955960924385188870e-01 9.105207340436577423e-02 1.745744108496045111e-01 -2.906672616912346907e-01 3.125380469721372040e-02 3.100077166182897415e-01 -2.987330474558155258e-01 -6.009791499217387312e-02 3.152457462158604895e-01 -2.089430424323337199e-01
1.021619031202144895e-01 -1.334759128350620772e-01 6.317278044189661435e-03 2.158932515731132318e-01 -2.564190454750862047e-01 9.794010642098631425e-02 1.777052395773598414e-01 -2.757454670280766740e-01 2.721419058953544190e-01 -1.472452932633427636e-01 -1.072919933177967911e-01 4.273537097282313346e-01 -3.526040571055789052e-01 8.481671251265079925e-02 2.495829694826474654e-01 -3.616092081789948898e-01 2.073933622086163164e-01 9.850662958342433495e-02 -2.378065085485229491e-01 1.356856128167685249e-01
1.271667809776195202e-01 -2.527180429933402195e-01 2.153320128610814455e-01 3.416393774442985642e-02 -2.798002918120804372e-01 3.770210848434011330e-01 -2.096919584832408479e-01 -1.812330370315189121e-02 2.071719080035911986e-01 -2.860823097432626527e-01 3.111135090248385304e-01 -1.579192314906255890e-01 -8.002390969300582357e-02 3.362741670317797582e-01 -3.588370387139795947e-01 1.478921659334506422e-01 1.169241077263914463e-01 -2.171663771043643165e-01 1.679932511627325042e-01 -4.502244867225436986e-02
-2.402748151782455321e-01 3.853122441018617117e-01 -3.542472870217763248e-01 1.239417355151396227e-01 5.829572743117147904e-02 -2.315593993584827148e-01 2.077917635429367971e-01 -2.045534658032477360e-01 9.047600487844147110e-02 -7.323109358334323193e-02 -6.590316873453724855e-02 1.192029312237680022e-01 -2.091513384100653072e-01 2.124356448261482122e-01 -2.245407621487468530e-01 3.555497687697368320e-02 1.520264184850352585e-01 -3.698440530994353548e-01 3.662003429903081253e-01 -2.103701485766952817e-01
-1.608665872277250941e-01 3.195568913652775400e-01 -3.683400843188954776e-01 3.147760311461743621e-01 -2.184091193359434246e-01 8.977889350684403746e-02 1.756589510609959243e-02 -1.118568464292713505e-01 1.751456238806778920e-01 -2.133825261714681898e-01 2.181663982025159321e-01 -1.828958934525833913e-01 1.145010152236729251e-01 -1.598298240986298357e-02 -9.957887386633772209e-02 2.214156385273194083e-01 -3.107374785506132886e-01 3.551808546476352135e-01 -3.046106673132357168e-01 1.536308161521902360e-01
7.548161398543462575e-02 -1.628920937083096210e-01 2.391642054710163556e-01 -2.785329458346108567e-01 3.092697467820977320e-01 -2.996856379112560198e-01 2.776354035279023913e-01 -2.074758632495823929e-01 1.429517087600759018e-01 -4.826462315668154923e-02 -3.800119639106742248e-02 1.411281375265948101e-01 -2.079914408294294415e-01 2.813850262397743496e-01 -3.055368841531528323e-01 3.147897732540582694e-01 -2.813986018651639665e-01 2.399150761767100681e-01 -1.622070299047413955e-01 7.305380105062797558e-02
2.665869559621691226e-02 -6.588460617062796842e-02 1.045116648827161265e-01 -1.422719775328385727e-01 1.839673007101583213e-01 -2.256311835633587060e-01 2.662635157617855297e-01 -2.997617650937924316e-01 3.243795096059818861e-01 -3.360560448228573915e-01 3.364881632549538981e-01 -3.239918323693632973e-01 2.995632429919809492e-01 -2.666824517330980138e-01 2.254535301033343819e-01 -1.836100868846539669e-01 1.431046945102841528e-01 -1.052883173971513736e-01 6.555565130710151733e-02 -2.579302141828273415e-02
