-5.000000000000000104e-04
-4.499999999999999877e-04
-4.000000000000000192e-04
-3.499999999999999964e-04
-2.999999999999999737e-04
-2.500000000000000052e-04
-2.000000000000000096e-04
-1.499999999999999869e-04
-1.000000000000000048e-04
-5.000000000000000240e-05
0.000000000000000000e+00
5.000000000000000240e-05
1.000000000000000048e-04
1.499999999999999869e-04
2.000000000000000096e-04
2.500000000000000052e-04
2.999999999999999737e-04
3.499999999999999964e-04
4.000000000000000192e-04
4.499999999999999877e-04
